0.328704 160
1.002432 1
0.151878 1
0.211535 1
0.100733 1
0.295675 4
0.714305 1
0.181161 1
0.291408 1
0.478788 2
3.268041 53
0.042707 43
1.879626 1
0.118670 1
0.259889 1
0.769478 1
1.761176 1
0.247006 1
0.275239 2
0.039006 623
2.702980 1
0.128749 1
0.361838 1
0.177783 1
0.134796 2
0.438502 2
0.039402 638
3.854976 1
0.121831 1
0.085292 1
0.101848 1
0.194098 1
0.131499 1
0.139700 1
0.206530 2
0.125670 55
5.789812 19
0.398634 99
3.317483 27
0.091707 94
3.872145 40
0.071957 37
0.005779 47
5.758827 31
0.033063 626
0.067859 47
12.437217 33
0.076815 47
4.411188 62
0.040390 98
0.011599 257
0.003243 38
0.025110 58
0.513294 118
0.016855 206
0.048599 546
0.014811 33
0.322874 38
0.011424 97
0.116311 43
20.300041 28
0.018449 171
0.112804 87
0.000895 47
4.898449 76
0.054080 47
4.249759 14
0.128936 15
0.000364 22
3.594497 40
0.579463 40
0.213877 60
0.019932 67
1.154484 35
6.362348 116
0.135903 102
0.421136 94
0.058739 95
0.008698 92
0.008630 105
0.037937 98
0.123614 94
0.022730 95
0.005699 92
0.009124 105
0.009502 98
0.095782 32
0.008219 39
0.012267 32
1.948082 31
1.658669 36
0.466622 30
0.068531 44
0.002500 52
0.002333 33
0.102567 42
1.090357 24
6.179245 31
0.183671 44
0.002067 34
0.002276 53
0.055249 32
0.010349 34
0.012850 40
0.016591 36
0.015866 38
0.021668 49
0.265593 42
0.023349 39
0.024805 35
0.374976 36
0.004771 32
0.086171 34
0.052475 36
0.074642 32
0.095680 60
0.259719 65
0.023818 43
0.807482 47
0.020729 27
0.152837 32
0.002741 25
0.127394 30
0.002613 56
0.011977 46
0.003643 47
0.005853 29
5.293857 34
3.811239 92
0.066818 19
0.010817 17
6.378446 25
0.037199 93
0.002071 611
2.828935 36
2.102173 1
0.591365 1
0.265876 1
0.516975 1
0.460307 1298
2.736498 94
0.156141 93
0.181537 92
0.174200 91
0.174243 90
0.172004 89
0.157273 88
0.168664 87
0.177353 86
0.178714 85
0.184481 84
0.160709 83
0.184252 82
0.198200 81
0.170773 80
0.181186 79
0.200989 78
0.192532 77
0.356446 76
7.551376 49
0.821998 94
1.174533 19
1.002112 18
0.108394 26
0.853865 1
0.160350 1
0.263891 23
0.003762 70
0.013998 17
5.679260 1
0.190296 1
0.164837 1
0.209361 1
0.172357 55
0.877775 1
0.129687 1
0.300488 1
0.221346 1
0.163104 1
0.104437 1
0.694461 2
0.422752 83
0.002155 160
2.440370 11
0.186813 21
0.826749 17
1.356197 2
22.517022 160
6.930972 11
0.309448 2
3.265365 53
0.062812 18
0.000234 25
7.605495 1
0.119891 1
0.128392 1
0.088963 1
0.313069 1
0.192043 1
0.150215 1
0.215549 2
0.107980 55
7.814420 35
0.039509 79
1.058833 1
0.205979 2
0.062171 50
0.004618 47
4.048297 55
0.111994 89
1.283628 1
0.203378 2
0.001252 53
0.015794 38
0.018440 47
4.029743 35
0.038159 628
0.031717 47
4.296395 37
0.054514 47
4.047257 58
0.029265 98
0.009502 257
0.001939 38
0.015400 58
0.117845 324
0.043401 542
0.012560 33
0.227681 38
0.007095 97
0.109582 43
10.215808 28
0.001592 171
0.935853 134
5.239438 76
0.080153 47
5.075041 14
0.175592 15
0.000257 22
3.602442 40
1.181474 40
0.101914 60
0.017529 67
1.155636 35
3.507257 116
0.214326 102
0.555613 94
0.086564 95
0.009000 92
0.013318 105
0.039585 98
0.124505 94
0.023332 95
0.005832 92
0.008701 105
0.010304 98
0.166951 32
0.010258 39
0.017766 32
0.298568 31
2.066915 36
0.509028 30
0.083931 44
0.002668 52
0.002588 33
0.104001 42
1.300825 24
7.320180 31
0.181104 44
0.009431 34
0.009321 53
0.076682 32
0.014121 34
0.014333 40
0.020554 36
0.017765 38
0.023579 49
0.439094 42
0.021382 39
0.021699 35
0.627271 36
0.004829 32
0.063034 34
0.037836 36
0.077008 32
0.097956 60
0.289254 65
0.019770 43
0.830442 47
0.016007 27
0.129898 32
0.002601 25
0.230771 30
0.002955 56
0.013590 46
0.003048 47
0.006357 29
5.661149 34
3.826820 92
0.066605 19
0.049167 17
3.155490 28
0.204504 52
0.005748 88
3.640756 35
0.112398 82
3.300975 39
0.104090 55
0.440761 36
0.007205 36
4.320069 30
0.077540 29
0.058997 597
0.001908 71
0.019427 6
0.086251 44
3.746392 13
0.013077 63
11.498133 31
0.130537 19
0.002292 17
3.703209 28
0.015301 31
0.978848 14
0.000700 231
0.000637 130
0.001525 493
0.002926 46
0.001651 290
0.000958 46
0.055409 112
0.000540 349
0.018729 46
0.432035 247
0.000445 46
0.002198 227
0.000279 157
0.000320 200
0.000833 46
0.010011 251
0.055373 46
0.096851 229
0.021029 158
0.003121 202
0.004024 46
0.205237 129
0.021913 234
0.000267 74
0.013234 160
0.007668 196
0.001017 308
0.010878 150
0.001339 150
0.001199 159
0.012140 158
0.001782 141
0.005328 297
0.004354 1259
0.012745 410
0.030840 410
0.001225 46
0.020005 232
0.000689 46
0.009908 88
0.000800 272
0.002554 278
0.001877 46
0.494412 94
0.019495 46
0.028101 94
0.000552 46
0.001080 93
0.000824 135
0.000654 140
0.000830 162
0.000859 221
0.001274 349
0.006969 180
0.002226 46
0.004904 124
0.000688 221
0.000798 162
0.000977 354
0.000861 609
0.000493 308
0.000474 160
0.002020 150
0.002782 336
0.000636 432
0.000303 137
0.001467 1009
0.000892 786
0.000391 230
0.000271 222
0.000873 564
0.000330 226
0.000821 328
0.010862 224
0.000737 216
0.001209 302
0.011393 216
0.001020 435
0.000590 223
0.000693 216
0.000554 214
0.000657 210
0.000659 218
0.000769 214
0.000831 213
0.001300 120
0.000962 193
0.000319 226
0.000727 218
0.001105 301
0.000465 220
0.000355 212
0.000886 301
0.000550 432
0.000358 120
0.001285 201
0.000327 221
0.000884 530
0.000589 228
0.000338 220
0.000985 551
0.000897 525
0.000624 221
0.000322 213
0.000968 539
0.000318 218
0.001274 317
0.012791 228
0.002276 220
0.000132 317
0.000529 228
0.001804 543
0.000664 231
0.000476 223
0.001250 313
0.000522 444
0.000972 313
0.000758 564
0.002044 205
0.000408 223
0.000560 215
0.001336 303
0.000560 221
0.000452 213
0.000962 323
0.000322 231
0.000727 554
0.000933 791
0.001162 983
0.000919 775
0.000618 703
0.000305 240
0.000452 460
0.000266 231
0.000271 237
0.000329 229
0.001388 321
0.000323 230
0.000461 222
0.001413 518
0.000287 211
0.000608 321
0.000498 452
0.000799 331
0.017607 235
0.000497 227
0.000998 299
0.001150 550
0.006834 189
0.000221 224
0.000588 525
0.000464 224
0.000422 216
0.000617 554
0.000405 223
0.000354 347
0.000348 234
0.000418 539
0.000371 226
0.000293 218
0.000346 309
0.000451 224
0.000319 216
0.000641 305
0.000376 222
0.000278 214
0.000975 593
0.000293 236
0.000771 325
0.000586 456
0.000673 333
0.000346 236
0.000282 228
0.000742 303
0.000313 221
0.001281 548
0.000560 237
0.000424 229
0.013795 303
0.002107 221
0.017105 213
0.001844 345
0.000506 476
0.000733 323
0.000352 231
0.000298 223
0.000631 313
0.000353 226
0.000330 218
0.000696 303
0.000292 221
0.000430 213
0.000757 305
0.000365 222
0.000242 214
0.000648 323
0.000277 231
0.001681 552
0.001033 755
0.000343 444
0.000778 521
0.001117 742
0.000228 215
0.000821 554
0.000748 568
0.000414 242
0.000311 234
0.000663 321
0.000322 230
0.001385 539
0.000264 228
0.000434 220
0.001163 560
0.000386 219
0.000794 337
0.000363 238
0.000684 539
0.000307 224
0.000363 216
0.000598 311
0.000525 225
0.000252 217
0.000967 309
0.000495 224
0.001743 525
0.000605 440
0.001057 317
0.000418 228
0.001808 531
0.000300 225
0.000755 217
0.001085 299
0.000372 219
0.000421 211
0.002151 335
0.000297 228
0.000444 220
0.000699 297
0.000318 218
0.001086 737
0.001056 801
0.000849 533
0.000379 219
0.000350 211
0.000766 323
0.000372 231
0.000961 756
0.000294 216
0.000946 303
0.001505 771
0.000247 238
0.000260 230
0.000841 515
0.001013 782
0.001394 349
0.000507 398
0.000250 211
0.000891 646
0.000954 530
0.000264 215
0.000573 120
0.000358 209
0.000374 234
0.000290 226
0.001262 825
0.001345 351
0.000425 482
0.000960 515
0.001235 531
0.000595 230
0.001033 222
0.001505 303
0.000451 221
0.000394 213
0.000701 303
0.000380 221
0.000290 213
0.014943 4095
0.000052 2152
0.000597 4095
0.000121 2776
0.000396 4095
0.000158 2730
0.000416 4095
0.000100 2633
0.000440 4095
0.000108 2513
0.000557 4095
0.000022 2499
0.000457 4095
0.000106 2863
0.000381 4095
0.000754 3031
0.000014 4095
0.000025 3047
0.000490 4095
0.000191 3130
0.002323 4095
0.000126 3139
0.000377 4095
0.000142 3044
0.000468 4095
0.000122 2708
0.000376 4095
0.000123 2672
0.000419 4095
0.000145 2541
0.000393 4095
0.000122 2316
0.000321 4095
0.000176 2422
0.000359 4095
0.002113 4095
0.000039 4095
0.000019 4095
0.000126 1979
0.000221 229
0.001400 313
0.000417 1751
0.000303 218
0.004101 2572
0.000283 1703
0.000387 212
0.001523 2182
0.000307 228
0.000892 2011
0.000359 214
0.001019 2034
0.000701 335
0.000493 185
0.000572 1933
0.000289 337
0.000588 1847
0.000263 230
0.000788 357
0.000375 1927
0.000356 240
0.001097 2392
0.001166 301
0.000380 1422
0.000495 638
0.000309 212
0.000785 341
0.000334 1850
0.001071 567
0.000457 1754
0.000443 220
0.000621 299
0.000388 1695
0.000340 211
0.000299 120
0.000890 189
0.000319 1735
0.000341 216
0.000839 2041
0.000259 217
0.000612 313
0.000553 1738
0.000223 218
0.000493 120
0.000607 193
0.000348 1738
0.001236 513
0.000553 1888
0.000863 309
0.000420 1722
0.000266 216
0.000741 313
0.000606 1956
0.000364 321
0.000345 1711
0.000293 213
0.000593 120
0.013661 681
0.000983 473
0.001055 1106
0.001089 313
0.000601 1080
0.000550 218
0.001652 311
0.000792 1743
0.001068 217
0.000784 2084
0.000513 220
0.001068 305
0.000555 1719
0.002248 2417
0.000991 307
0.001437 1942
0.001260 307
0.000559 1727
0.000836 215
0.001592 2293
0.002053 339
0.011831 1671
0.006592 2205
0.000340 1077
0.000200 220
0.002084 120
0.003065 203
0.018493 1719
0.001414 214
0.002560 2054
0.000862 217
0.002950 2238
0.000809 315
0.001412 1759
0.000613 219
0.000612 120
0.002810 177
0.000537 1687
0.000364 210
0.000417 315
0.001328 2470
0.000642 1735
0.000292 216
0.000698 2094
0.000323 221
0.001286 2054
0.000391 217
0.001002 307
0.000647 1942
0.006677 305
0.001108 1706
0.000397 214
0.001198 2249
0.000587 321
0.000447 1783
0.000410 222
0.000934 2034
0.000756 530
0.000478 1759
0.000322 219
0.000964 2337
0.000549 317
0.000589 1987
0.000676 313
0.000342 1751
0.000268 218
0.000943 2044
0.000407 216
0.000530 319
0.000461 1775
0.000351 221
0.000703 303
0.000300 1711
0.000348 213
0.000843 2014
0.001138 2267
0.000792 528
0.000449 1743
0.000413 217
0.001028 2044
0.000262 216
0.000865 2064
0.001058 2212
0.000700 538
0.000388 1807
0.000734 520
0.000415 1679
0.000328 209
0.000546 309
0.000585 1951
0.000551 315
0.000513 1759
0.000317 219
0.000831 2044
0.000325 216
0.000879 1961
0.000977 520
0.001047 2273
0.000501 1969
0.001829 305
0.010235 1719
0.005571 214
0.001576 2599
0.000287 1767
0.000686 220
0.000632 309
0.000309 1735
0.000328 216
0.000914 2231
0.000931 561
0.000337 1799
0.000801 551
0.000500 2032
0.000619 339
0.000397 1855
0.000352 231
0.000731 2064
0.000286 218
0.000852 307
0.000310 1727
0.000477 215
0.000585 309
0.000359 1735
0.000333 216
0.000847 2011
0.000501 334
0.000654 185
0.000412 1719
0.000297 214
0.001946 2315
0.001241 309
0.000667 1735
0.000311 216
0.000945 2004
0.000336 212
0.001045 2074
0.000496 339
0.000675 189
0.007211 1735
0.001118 216
0.000609 313
0.000388 1751
0.000724 521
0.000450 1711
0.001113 4095
0.000034 223
0.000972 2283
0.000310 218
0.000951 2034
0.000975 2269
0.000289 217
0.000561 309
0.000466 1722
0.000319 216
0.001061 2216
0.001050 2293
0.000276 120
0.001168 1874
0.000274 211
0.000545 349
0.000402 1590
0.000334 680
0.000315 237
0.000836 537
0.000392 1703
0.000381 212
0.001224 2238
0.001855 311
0.001012 1743
0.000449 217
0.001662 2024
0.000823 537
0.000460 1791
0.000336 223
0.001202 2282
0.000634 305
0.000648 1933
0.010165 2034
0.005547 536
0.000375 1698
0.000412 213
0.000649 309
0.000371 1735
0.000311 216
0.000777 297
0.001247 2738
0.000384 1714
0.000309 215
0.000598 317
0.000536 1987
0.000628 301
0.000374 1422
0.000394 608
0.000413 425
0.000807 299
0.000384 1695
0.000344 211
0.000453 120
0.001545 1902
0.001056 212
0.001607 303
0.000708 1711
0.000359 213
0.000713 317
0.000467 1767
0.000307 220
0.000916 2074
0.000775 524
0.000581 1933
0.000688 325
0.000419 1786
0.000381 224
0.000920 2074
0.000291 219
0.000763 329
0.000562 2041
0.000611 311
0.000405 1743
0.000392 217
0.000530 335
0.000348 1839
0.000394 229
0.000890 2174
0.000825 528
0.000303 1695
0.000610 331
0.000809 195
0.000508 1746
0.000661 528
0.000623 1735
0.000288 216
0.000837 2074
0.000370 219
0.000590 329
0.000368 1743
0.000519 337
0.001168 2204
0.000702 319
0.000390 1775
0.000977 2255
0.000339 215
0.000850 2034
0.000298 215
0.000606 309
0.000459 1735
0.000376 216
0.000345 120
0.005594 201
0.000751 1770
0.000542 222
0.000564 120
0.073180 2355
0.010592 2118
0.001665 323
0.001095 1791
0.001141 223
0.003098 365
0.001324 1959
0.001376 244
0.003499 2054
0.000701 216
0.000742 322
0.001122 2012
0.000559 338
0.000818 1854
0.000554 230
0.014879 2301
0.007232 326
0.000576 2021
0.000366 322
0.000339 1790
0.001008 2521
0.000357 360
0.000391 1942
0.000325 241
0.000340 306
0.000410 1726
0.000518 518
0.000443 1718
0.000582 525
0.000483 1750
0.000515 515
0.000319 1694
0.000779 2252
0.000257 215
0.000628 1992
0.000324 210
0.000337 298
0.000568 1904
0.000326 298
0.000663 1904
0.000354 320
0.000442 1782
0.000339 221
0.000321 320
0.000425 1782
0.000403 221
0.000767 2112
0.000415 222
0.001051 2142
0.000452 225
0.000751 344
0.000759 1865
0.000514 233
0.000938 300
0.000648 1689
0.000311 211
0.000389 314
0.000369 1758
0.000375 218
0.000809 2301
0.000337 318
0.000610 1994
0.000491 304
0.000316 1718
0.000383 213
0.000390 322
0.000492 1790
0.000350 222
0.000584 2002
0.000316 211
0.000745 2268
0.000382 300
0.000832 1900
0.000306 318
0.000577 1994
0.000323 314
0.000591 1976
0.000361 312
0.000603 1954
0.000302 306
0.000551 1927
0.000383 326
0.000904 2364
0.000354 1766
0.000369 219
0.000352 300
0.000753 2235
0.000430 1777
0.000574 530
0.000376 1734
0.000539 555
0.000400 1790
0.000477 528
0.009771 1726
0.002690 214
0.004689 300
0.001208 1900
0.001199 2543
0.000735 1721
0.000464 515
0.000485 1689
0.000318 211
0.000390 314
0.000579 1758
0.000746 2270
0.000390 216
0.000617 2019
0.000367 214
0.000652 2037
0.000343 214
0.000639 2022
0.000373 213
0.000653 2209
0.000309 233
0.000630 2062
0.000386 217
0.000786 2299
0.000378 296
0.000431 1686
0.000296 209
0.000363 312
0.000628 2088
0.000745 755
0.000395 1769
0.000302 221
0.000561 2062
0.000766 2349
0.000299 224
0.001038 2312
0.000605 2244
0.000254 350
0.000802 2448
0.000385 1821
0.000511 529
0.000532 1710
0.000477 514
0.000530 1697
0.000310 212
0.000522 1999
0.000273 212
0.000370 316
0.000429 1694
0.000567 532
0.000381 1790
0.000305 222
0.000596 1969
0.000329 209
0.000597 1989
0.000359 211
0.000380 312
0.000374 1750
0.000911 2221
0.000436 213
0.001466 2549
0.000579 1746
0.001405 219
0.000631 325
0.000952 1727
0.000606 215
0.000288 317
0.000586 1974
0.000329 317
0.000620 1906
0.000389 315
0.000468 1759
0.000317 219
0.001004 2373
0.000152 215
0.000593 519
0.001019 1719
0.011952 214
0.000377 309
0.000599 1938
0.000338 295
0.000347 1679
0.000487 540
0.000387 1738
0.000465 561
0.000394 1871
0.000459 564
0.000346 1823
0.000301 227
0.000522 2061
0.000321 218
0.000263 318
0.000346 1702
0.000298 211
0.000309 147
0.000530 342
0.000377 180
0.000869 275
0.003802 46
0.003230 86
0.000486 133
0.000488 46
0.001657 85
0.000445 302
0.000348 132
0.000323 161
0.000705 143
0.000640 145
0.000422 46
0.013028 108
0.000649 363
0.000592 46
0.001551 99
0.000718 145
0.001227 140
0.000694 46
0.002022 106
0.011491 46
0.002427 144
0.000644 979
0.000452 1221
0.007363 119
0.076242 36
5.487069 44
0.045394 36
4.489072 84
0.153974 36
1.386197 1
0.144075 1
0.204860 1
0.264365 1
0.553230 1
0.148943 1
0.141731 3
2.158026 1
0.146979 1
0.150878 4
0.460771 2
0.007506 596
2.205612 1
0.128761 1
0.178891 1
0.293424 1
0.155119 8
0.026612 27
0.000990 20
0.878274 1
0.178023 1
0.262739 1
0.207411 1
0.145158 1
0.114256 1
0.118903 2
0.247282 83
0.001778 160
22.441941 11
1.613976 2
9.030076 53
0.184277 18
0.001080 25
6.380921 1
0.140503 1
0.096292 1
0.071619 1
0.216768 1
0.136036 1
0.128961 1
0.187237 2
0.149959 55
0.738817 31
0.042141 75
1.196519 1
0.250563 2
0.057670 49
0.002759 47
4.043794 23
0.044905 94
4.003706 19
0.135946 107
2.112643 1
0.201464 1
1.103200 1
0.263858 1
0.415987 1
0.094370 1
0.838178 4
0.171618 4
2.473675 1
0.278443 1
0.322992 2
0.026288 705
2.656265 1
0.275376 1
0.355746 1
0.181065 1
0.149745 2
0.413145 2
0.061666 1129
9.918542 47
0.107104 41
0.002737 47
4.104215 41
0.117152 82
0.043369 88
49.162830 1
0.269261 1
0.239510 1
0.197155 4
0.857069 1
2.718507 5
0.597257 2
0.016019 55
0.013869 20
5.051427 38
0.059263 630
0.088701 47
4.000901 41
0.088631 47
3.537450 22
0.050651 47
3.846383 16
0.006975 47
3.903045 13
0.027968 47
3.673197 42
0.043558 47
4.656643 84
0.161345 47
0.835114 1
0.166580 1
0.267092 1
0.262352 1
0.354547 1
0.204885 1
0.136765 3
0.263100 1
0.269621 1
0.118482 4
0.356540 2
0.004283 675
18.598495 1
0.345392 1
0.436103 1
0.150063 1
0.158452 2
0.347304 2
0.028759 1230
3.758176 1
0.104873 1
0.121666 1
0.216153 1
4.036538 1
0.253540 1
0.281165 2
0.006979 806
2.151011 25
0.007849 47
2.656050 1
0.047036 1
0.146221 1
0.090187 1
0.200813 1
0.137218 1
0.132782 1
0.257000 1
1.052067 1
0.309132 1
0.140058 4
0.399933 2
0.009751 1373
5.837722 63
0.189411 55
0.121065 39
0.022187 47
4.535167 26
0.007537 47
1.273157 24
0.202309 122
0.161842 80
0.758391 2
0.009785 813
4.050962 14
0.028290 47
3.720195 45
0.082096 51
0.121470 43
15.007372 47
9.225117 13
0.079042 47
1.797781 11
0.178433 54
0.162667 76
0.194031 26
0.848523 2
0.011452 1373
5.622394 1
0.140175 1
0.170923 1
0.206838 1
0.152153 43
2.281415 8
0.004556 34
0.052587 160
5.667965 6
